    YEAR      WO    WOse      NH    NHse      SH    SHse
  1957.5  -6.289   1.843  -1.438   0.760  -4.851   1.083
  1958.5  -4.893   1.837  -0.659   0.708  -4.234   1.129
  1959.5  -5.784   1.836  -1.003   0.669  -4.781   1.167
  1960.5  -3.387   1.718  -0.453   0.612  -2.935   1.106
  1961.5  -2.708   1.581  -0.749   0.568  -1.959   1.012
  1962.5  -2.604   1.505  -0.738   0.494  -1.866   1.011
  1963.5  -3.998   1.541  -0.757   0.513  -3.241   1.028
  1964.5  -4.666   1.436  -0.930   0.424  -3.736   1.013
  1965.5  -5.374   1.388  -1.442   0.385  -3.933   1.004
  1966.5  -7.159   1.291  -1.798   0.349  -5.361   0.942
  1967.5  -7.297   1.234  -2.662   0.314  -4.635   0.920
  1968.5  -6.884   1.086  -2.777   0.230  -4.106   0.856
  1969.5  -5.413   0.979  -2.776   0.188  -2.637   0.792
  1970.5  -4.618   0.914  -2.969   0.157  -1.649   0.757
  1971.5  -3.601   0.883  -2.647   0.148  -0.954   0.734
  1972.5  -3.222   0.865  -2.366   0.153  -0.856   0.712
  1973.5  -3.129   0.868  -1.958   0.148  -1.171   0.720
  1974.5  -2.439   0.885  -1.877   0.161  -0.562   0.724
  1975.5  -1.457   0.887  -1.400   0.164  -0.057   0.723
  1976.5  -0.978   0.889  -1.265   0.160   0.287   0.729
  1977.5  -0.183   0.821  -0.597   0.154   0.414   0.667
  1978.5   0.975   0.762  -0.060   0.128   1.035   0.634
  1979.5   1.580   0.768   0.542   0.128   1.038   0.640
  1980.5   1.114   0.739   0.442   0.125   0.672   0.613
  1981.5   0.523   0.738   0.392   0.124   0.131   0.614
  1982.5   0.486   0.679   0.716   0.122  -0.230   0.557
  1983.5   0.219   0.680   0.472   0.121  -0.253   0.559
  1984.5   0.490   0.596   0.315   0.103   0.174   0.493
  1985.5   0.648   0.525   0.374   0.097   0.274   0.429
  1986.5   1.066   0.511   0.488   0.086   0.578   0.425
  1987.5   0.980   0.484   0.288   0.079   0.692   0.406
  1988.5   0.760   0.492   0.019   0.082   0.742   0.409
  1989.5   0.803   0.482   0.237   0.076   0.567   0.406
  1990.5   1.566   0.468   0.623   0.075   0.942   0.393
  1991.5   2.712   0.392   0.874   0.070   1.837   0.321
  1992.5   3.702   0.352   1.145   0.069   2.557   0.283
  1993.5   3.876   0.290   1.657   0.074   2.219   0.215
  1994.5   3.218   0.277   1.981   0.081   1.237   0.196
  1995.5   3.779   0.274   2.003   0.086   1.776   0.189
  1996.5   4.174   0.292   2.596   0.094   1.578   0.198
  1997.5   4.251   0.304   2.881   0.097   1.371   0.207
  1998.5   4.513   0.349   3.272   0.101   1.241   0.248
  1999.5   4.559   0.409   3.466   0.103   1.092   0.306
  2000.5   5.629   0.428   3.872   0.097   1.757   0.331
  2001.5   6.182   0.367   4.120   0.090   2.062   0.277
  2002.5   7.173   0.282   4.569   0.085   2.603   0.197
  2003.5   8.012   0.218   4.951   0.083   3.061   0.135
  2004.5   9.127   0.195   5.444   0.087   3.683   0.108
  2005.5   9.105   0.180   5.638   0.085   3.467   0.095
  2006.5   9.314   0.172   5.784   0.083   3.530   0.089
  2007.5   9.451   0.169   5.672   0.082   3.779   0.087
  2008.5  10.227   0.161   5.729   0.076   4.498   0.085
  2009.5  10.443   0.162   5.594   0.078   4.850   0.084
  2010.5  10.642   0.157   5.592   0.078   5.050   0.080
  2011.5  11.494   0.142   5.759   0.065   5.735   0.076
  2012.5  11.878   0.142   5.642   0.067   6.236   0.075
  2013.5  12.917   0.137   5.876   0.064   7.041   0.073
  2014.5  13.396   0.135   6.146   0.061   7.250   0.073
  2015.5  14.143   0.132   6.523   0.060   7.620   0.072
  2016.5  14.800   0.130   6.723   0.060   8.077   0.070
  2017.5  14.903   0.141   6.563   0.071   8.340   0.070
  2018.5  15.741   0.137   7.659   0.066   8.082   0.071
  2019.5  16.758   0.134   8.202   0.066   8.555   0.068
  2020.5  17.302   0.140   8.337   0.070   8.965   0.070
  2021.5  18.632   0.144   9.047   0.072   9.585   0.072
  2022.5  19.344   0.148   9.347   0.074   9.998   0.074
  2023.5  20.577   0.151  10.155   0.075  10.422   0.076
